1623662235873 0.8282999992370605 0
1623662240402 0.8608333468437195 1
1623662244348 0.8701500296592712 2
1623662248677 0.8750166893005371 3
1623662253332 0.8810499906539917 4
1623662257607 0.883816659450531 5
1623662263085 0.8868833184242249 6
1623662267628 0.8903166651725769 7
1623662270962 0.8921499848365784 8
1623662274446 0.892300009727478 9
1623662278796 0.8954166769981384 10
1623662282995 0.8973000049591064 11
1623662286903 0.9001166820526123 12
1623662290506 0.9000999927520752 13
1623662294497 0.9004833102226257 14
1623662298141 0.902233362197876 15
1623662301588 0.904283344745636 16
1623662305335 0.9069499969482422 17
1623662310146 0.9076833128929138 18
1623662313494 0.9083999991416931 19
