1623662235873 0.48691657185554504 0
1623662240402 0.384744256734848 1
1623662244348 0.35843831300735474 2
1623662248677 0.340595006942749 3
1623662253332 0.32635483145713806 4
1623662257607 0.31630685925483704 5
1623662263085 0.3063013255596161 6
1623662267628 0.29905906319618225 7
1623662270962 0.2921857237815857 8
1623662274446 0.28905439376831055 9
1623662278796 0.28182390332221985 10
1623662282995 0.2743837237358093 11
1623662286903 0.27002155780792236 12
1623662290506 0.26869702339172363 13
1623662294497 0.2646067440509796 14
1623662298141 0.2621767520904541 15
1623662301588 0.2590416371822357 16
1623662305335 0.25154179334640503 17
1623662310146 0.24735353887081146 18
1623662313494 0.24581998586654663 19
