1623662170674 0.830049991607666 0
1623662173514 0.8655499815940857 1
1623662176578 0.8775833249092102 2
1623662179878 0.8843666911125183 3
1623662182169 0.8903499841690063 4
1623662184951 0.8946833610534668 5
1623662188191 0.8996000289916992 6
1623662191503 0.9021999835968018 7
1623662193824 0.9058666825294495 8
1623662196209 0.9090666770935059 9
1623662199398 0.9111999869346619 10
1623662202921 0.9140666723251343 11
1623662205737 0.9176333546638489 12
1623662208124 0.9199166893959045 13
1623662211457 0.9222666621208191 14
1623662214926 0.9246833324432373 15
1623662217824 0.9267666935920715 16
1623662220666 0.9291499853134155 17
1623662224152 0.9305999875068665 18
1623662227345 0.930983304977417 19
