1623662170674 0.4765632748603821 0
1623662173514 0.3692220151424408 1
1623662176578 0.3360440135002136 2
1623662179878 0.31269657611846924 3
1623662182169 0.2965327501296997 4
1623662184951 0.2821236252784729 5
1623662188191 0.2710089683532715 6
1623662191503 0.2605333626270294 7
1623662193824 0.25291141867637634 8
1623662196209 0.24354521930217743 9
1623662199398 0.23713764548301697 10
1623662202921 0.22990010678768158 11
1623662205737 0.22349198162555695 12
1623662208124 0.2146574705839157 13
1623662211457 0.20771707594394684 14
1623662214926 0.20288382470607758 15
1623662217824 0.1971076875925064 16
1623662220666 0.1938752382993698 17
1623662224152 0.18901404738426208 18
1623662227345 0.18541522324085236 19
